1970
1971
1972
1973
1974
1975
1976
1977
1978
1979
1980
1981
1982
1983
1984
1985
1986
1987
1988
1989
1990
1991
1992
1993
1994
1995
1996
1997
1998
1999
2000
2001
2002
2003
2004
2005
2006
2007
2008
2009
2010
2011
2012
2013
2014
2015
2016
2017
2018
2019
2020
2021
2022
     Year            Term    TF-IDF
4    1970          number  1.000000
0    1970            card  0.000000
1    1970            code  0.000000
2    1970          credit  0.000000
3    1970             fig  0.000000
6    1971         central  0.894371
5    1971            card  0.422114
9    1971         station  0.115961
8    1971          credit  0.092051
7    1971         control  0.000000
10   1972            card  0.900802
12   1972             key  0.350881
13   1972          number  0.255807
11   1972          credit  0.000000
14   1972            read  0.000000
15   1973            card  0.000000
16   1973            code  0.000000
17   1973          credit  0.000000
18   1973  identification  0.000000
19   1973          number  0.000000
20   1974            card  0.000000
21   1974          credit  0.000000
22   1974          memory  0.000000
23   1974          number  0.000000
24   1974           value  0.000000
25   1975            card  0.834568
29   1975          number  0.550905
26   1975            code  0.000000
27   1975         control  0.000000
28   1975          credit  0.000000
34   1976        register  0.647685
32   1976          credit  0.577066
30   1976            card  0.497493
31   1976         counter  0.000000
33   1976          memory  0.000000
38   1977          memory  1.000000
35   1977            card  0.000000
36   1977         circuit  0.000000
37   1977             key  0.000000
39   1977          number  0.000000
43   1978          memory  0.896558
44   1978          number  0.424578
40   1978            card  0.126163
41   1978            host  0.000000
42   1978             key  0.000000
48   1979          memory  1.000000
45   1979            card  0.000000
46   1979         control  0.000000
47   1979             key  0.000000
49   1979          number  0.000000
54   1980          memory  0.800838
50   1980            card  0.577920
53   1980             key  0.157059
51   1980            cash  0.000000
52   1980            code  0.000000
55   1981            card  0.000000
56   1981      electronic  0.000000
57   1981  identification  0.000000
58   1981          memory  0.000000
59   1981          number  0.000000
61   1982  identification  0.701293
60   1982            card  0.583486
64   1982            unit  0.409550
62   1982             key  0.000000
63   1982          number  0.000000
65   1983            card  0.944886
67   1983          credit  0.327399
66   1983            code  0.000000
68   1983             key  0.000000
69   1983          number  0.000000
73   1984          memory  0.954109
72   1984             key  0.299460
70   1984            card  0.000000
71   1984          credit  0.000000
74   1984          number  0.000000
79   1985          memory  0.976184
75   1985            card  0.216946
76   1985            code  0.000000
77   1985              ic  0.000000
78   1985  identification  0.000000
80   1986            card  0.000000
81   1986              ic  0.000000
82   1986          memory  0.000000
83   1986          number  0.000000
84   1986            unit  0.000000
85   1987            card  0.000000
86   1987            code  0.000000
87   1987              ic  0.000000
88   1987          memory  0.000000
89   1987            time  0.000000
90   1988            card  1.000000
91   1988         circuit  0.000000
92   1988            code  0.000000
93   1988              ic  0.000000
94   1988          memory  0.000000
95   1989            card  1.000000
96   1989            code  0.000000
97   1989          memory  0.000000
98   1989          number  0.000000
99   1989          stored  0.000000
100  1990            card  0.000000
101  1990        computer  0.000000
102  1990      electronic  0.000000
103  1990          memory  0.000000
104  1990          number  0.000000
106  1991            code  0.711358
107  1991      electronic  0.702830
105  1991            card  0.000000
108  1991          memory  0.000000
109  1991            unit  0.000000
110  1992            card  1.000000
111  1992            code  0.000000
112  1992      electronic  0.000000
113  1992          memory  0.000000
114  1992          number  0.000000
115  1993            card  0.000000
116  1993            code  0.000000
117  1993          credit  0.000000
118  1993          memory  0.000000
119  1993          number  0.000000
120  1994            card  0.000000
121  1994            code  0.000000
122  1994        computer  0.000000
123  1994          memory  0.000000
124  1994          number  0.000000
125  1995            card  0.967192
126  1995        computer  0.254048
127  1995        customer  0.000000
128  1995      electronic  0.000000
129  1995          memory  0.000000
130  1996            card  1.000000
131  1996        computer  0.000000
132  1996      electronic  0.000000
133  1996         network  0.000000
134  1996         payment  0.000000
136  1997        computer  1.000000
135  1997            card  0.000000
137  1997      electronic  0.000000
138  1997             key  0.000000
139  1997          memory  0.000000
140  1998            card  1.000000
141  1998        computer  0.000000
142  1998        customer  0.000000
143  1998      electronic  0.000000
144  1998         network  0.000000
148  1999         network  1.000000
145  1999            card  0.000000
146  1999        computer  0.000000
147  1999      electronic  0.000000
149  1999         payment  0.000000
151  2000      electronic  1.000000
150  2000            card  0.000000
152  2000         network  0.000000
153  2000         payment  0.000000
154  2000          server  0.000000
155  2001            card  0.000000
156  2001      electronic  0.000000
157  2001         payment  0.000000
158  2001          server  0.000000
159  2001         service  0.000000
164  2002         service  1.000000
160  2002            card  0.000000
161  2002      electronic  0.000000
162  2002         payment  0.000000
163  2002          server  0.000000
165  2003            card  0.000000
166  2003      electronic  0.000000
167  2003         payment  0.000000
168  2003          server  0.000000
169  2003         service  0.000000
170  2004            card  0.000000
171  2004         network  0.000000
172  2004         payment  0.000000
173  2004          server  0.000000
174  2004         service  0.000000
175  2005            card  0.000000
176  2005      electronic  0.000000
177  2005         payment  0.000000
178  2005          server  0.000000
179  2005         service  0.000000
181  2006      electronic  1.000000
180  2006            card  0.000000
182  2006          mobile  0.000000
183  2006         payment  0.000000
184  2006          server  0.000000
185  2007            card  0.000000
186  2007      electronic  0.000000
187  2007         payment  0.000000
188  2007          server  0.000000
189  2007         service  0.000000
190  2008            card  0.000000
191  2008      electronic  0.000000
192  2008          mobile  0.000000
193  2008         payment  0.000000
194  2008          server  0.000000
195  2009            card  1.000000
196  2009          mobile  0.000000
197  2009         payment  0.000000
198  2009          server  0.000000
199  2009         service  0.000000
200  2010            card  0.000000
201  2010          mobile  0.000000
202  2010         payment  0.000000
203  2010          server  0.000000
204  2010         service  0.000000
208  2011          server  1.000000
205  2011            card  0.000000
206  2011          mobile  0.000000
207  2011         payment  0.000000
209  2011            unit  0.000000
211  2012      electronic  1.000000
210  2012            card  0.000000
212  2012          mobile  0.000000
213  2012         payment  0.000000
214  2012          server  0.000000
215  2013            card  0.000000
216  2013          mobile  0.000000
217  2013         payment  0.000000
218  2013          server  0.000000
219  2013         service  0.000000
220  2014            card  0.000000
221  2014      electronic  0.000000
222  2014          mobile  0.000000
223  2014         payment  0.000000
224  2014          server  0.000000
225  2015            card  0.000000
226  2015      electronic  0.000000
227  2015          mobile  0.000000
228  2015         payment  0.000000
229  2015          server  0.000000
230  2016            card  0.000000
231  2016      electronic  0.000000
232  2016          mobile  0.000000
233  2016         payment  0.000000
234  2016          server  0.000000
237  2017         payment  0.972484
238  2017          server  0.232969
235  2017            card  0.000000
236  2017          mobile  0.000000
239  2017         service  0.000000
240  2018           block  0.000000
241  2018      blockchain  0.000000
242  2018         payment  0.000000
243  2018          server  0.000000
244  2018         service  0.000000
245  2019           block  0.000000
246  2019      blockchain  0.000000
247  2019         payment  0.000000
248  2019          server  0.000000
249  2019         service  0.000000
250  2020      blockchain  0.000000
251  2020            card  0.000000
252  2020         payment  0.000000
253  2020          server  0.000000
254  2020         service  0.000000
255  2021           block  0.000000
256  2021           chain  0.000000
257  2021         payment  0.000000
258  2021         service  0.000000
259  2021          target  0.000000
260  2022           block  0.000000
261  2022           chain  0.000000
262  2022         payment  0.000000
263  2022         service  0.000000
264  2022          target  0.000000
